2.500000 2.500000 0.820435
2.745627 2.763472 0.820435
2.991254 3.026944 0.820435
3.236881 3.290416 0.820435
3.482508 3.553887 0.820435
3.728136 3.817359 0.820435
3.973763 4.080831 0.820435
4.219390 4.344303 0.820435
4.465017 4.607775 0.820435
4.710644 4.871247 0.820435
4.956271 5.134718 0.820435
5.201898 5.398190 0.820435
5.447525 5.661662 0.820435
5.693152 5.925134 0.820435
5.938779 6.188606 0.820435
6.184407 6.452078 0.820435
6.430034 6.715550 0.820435
6.675661 6.979021 0.820435
6.921288 7.242493 0.820435
7.166915 7.505965 0.820435
7.412542 7.769437 0.820435
7.658169 8.032909 0.820435
7.903796 8.296381 0.820435
8.149423 8.559853 0.820435
8.395051 8.823324 0.820435
8.640678 9.086796 0.820435
8.886305 9.350268 0.820435
9.131932 9.613740 0.820435
9.377559 9.877212 0.820435
9.623186 10.140684 0.820435
9.868813 10.404155 0.820435
10.114440 10.667627 0.820435
10.360067 10.931099 0.820435
10.605694 11.194571 0.820435
10.851322 11.458043 0.820435
11.096949 11.721515 0.820435
11.342576 11.984987 0.820435
11.588203 12.248458 0.820435
11.833830 12.511930 0.820435
12.079457 12.775402 0.820435
