2.500000 2.500000 1.428677
2.681327 3.767279 1.414622
2.867877 4.952050 1.399018
3.059503 6.056601 1.381624
3.256062 7.083225 1.362154
3.457408 8.034210 1.340261
3.663397 8.911848 1.315529
3.873882 9.718428 1.287449
4.088720 10.456240 1.255404
4.307765 11.127576 1.218645
4.530873 11.734724 1.176260
4.757899 12.279976 1.127153
4.988697 12.765622 1.070027
5.223122 13.193952 1.003397
5.461030 13.567255 0.925660
5.702276 13.887823 0.835271
5.946715 14.157946 0.731093
6.194201 14.379913 0.612947
6.444590 14.556016 0.482287
6.697738 14.688543 0.342679
6.953498 14.779787 0.199642
7.211726 14.832036 0.059592
7.472277 14.847581 -0.071694
7.735006 14.828713 -0.190265
7.999769 14.777721 -0.294310
8.266419 14.696896 -0.383748
8.534813 14.588527 -0.459565
8.804805 14.454907 -0.523224
9.076250 14.298323 -0.576287
9.349004 14.121068 -0.620207
9.622921 13.925430 -0.656245
9.897857 13.713701 -0.685444
10.173666 13.488170 -0.708647
10.450204 13.251128 -0.726507
10.727325 13.004865 -0.739522
11.004885 12.751671 -0.748044
11.282738 12.493837 -0.752303
11.560741 12.233652 -0.752412
11.838747 11.973407 -0.748372
12.116612 11.715393 -0.748372
