2.500000 2.500000 0.212194
3.751473 2.769614 0.226249
4.920274 3.038660 0.241853
6.008698 3.307154 0.259247
7.019039 3.575111 0.278717
7.953593 3.842549 0.300609
8.814654 4.109481 0.325342
9.604517 4.375925 0.353422
10.325476 4.641895 0.385466
10.979827 4.907408 0.422226
11.569864 5.172479 0.464611
12.097882 5.437124 0.513718
12.566176 5.701359 0.570844
12.977041 5.965200 0.637473
13.332771 6.228662 0.715211
13.635660 6.491761 0.805600
13.888005 6.754513 0.909778
14.092099 7.016933 1.027924
14.250238 7.279038 1.158584
14.364716 7.540843 1.298192
14.437828 7.802364 1.441229
14.471868 8.063617 1.581279
14.469132 8.324617 1.712565
14.431915 8.585381 1.831136
14.362510 8.845923 1.935181
14.263213 9.106260 2.024619
14.136319 9.366407 2.100435
13.984122 9.626381 2.164095
13.808917 9.886197 2.217157
13.612999 10.145870 2.261078
13.398663 10.405417 2.297116
13.168203 10.664853 2.326315
12.923914 10.924194 2.349517
12.668091 11.183456 2.367378
12.403029 11.442655 2.380393
12.131023 11.701805 2.388915
11.854367 11.960924 2.393174
11.575356 12.220027 2.393282
11.296285 12.479129 2.389243
11.019448 12.738247 2.389243
